132 2
476 834
225 409
948 895
524 35
596 635
498 717
621 465
273 144
892 461
127 115
421 702
261 806
512 802
908 211
805 304
524 147
118 281
711 192
335 990
615 428
820 252
255 501
126 243
152 106
25 790
766 982
97 50
646 965
305 371
653 163
752 717
222 330
953 201
730 330
275 821
450 637
899 738
801 197
762 356
157 859
646 611
304 907
155 160
358 707
841 704
166 931
208 765
294 804
4 556
321 814
479 936
855 636
878 538
55 338
797 934
292 485
846 592
375 166
552 130
377 556
925 644
290 455
143 371
29 126
370 466
401 131
835 873
121 117
742 270
919 977
361 879
247 884
651 886
362 822
603 722
355 476
786 203
309 719
911 364
266 42
154 145
430 202
549 291
198 2
733 161
372 776
304 520
591 15
994 862
666 751
109 28
658 572
790 926
850 19
173 726
48 775
177 153
707 11
608 898
70 808
864 793
118 917
820 179
330 516
722 141
488 407
879 384
184 521
352 927
857 783
683 310
830 347
993 23
171 356
787 706
675 160
26 781
878 978
792 776
312 446
118 144
408 14
748 521
816 261
678 852
745 565
188 946
394 679
433 287
353 602
697 247
312 115